algorithm,n,length,time
dicho,0,0,0.0015
dicho,0,0,0.0017
dicho,0,0,0.0018
dicho,0,0,0.0018
dicho,0,0,0.0016
dicho,100,6,0.1496
dicho,100,6,0.1523
dicho,100,6,0.1505
dicho,100,6,0.1505
dicho,100,6,0.1498
dicho,200,7,0.83
dicho,200,7,0.8319
dicho,200,7,0.8425
dicho,200,7,0.8397
dicho,200,7,0.8624
dicho,300,7,1.8962
dicho,300,7,2.0367
dicho,300,7,1.8973
dicho,300,7,1.9056
dicho,300,7,1.8973
dicho,400,7,6.2623
dicho,400,7,4.3129
dicho,400,7,4.6732
dicho,400,7,5.8102
dicho,400,7,4.9775
dicho,500,8,11.603
dicho,500,8,10.6642
dicho,500,8,8.2619
dicho,500,8,7.7059
dicho,500,8,9.2159
dicho,600,10,13.9349
dicho,600,10,14.3304
dicho,600,10,15.7209
dicho,600,10,13.6821
dicho,600,10,14.2638
dicho,700,10,17.6362
dicho,700,10,33.2164
dicho,700,10,22.0448
dicho,700,10,25.1428
dicho,700,10,19.4861
dicho,800,10,19.2915
dicho,800,10,19.6682
dicho,800,10,19.529
dicho,800,10,19.3773
dicho,800,10,19.2933
dicho,900,10,28.1747
dicho,900,10,26.9136
dicho,900,10,26.6607
dicho,900,10,29.0335
dicho,900,10,28.2175
dicho,1000,15,39.9332
dicho,1000,15,37.7154
dicho,1000,15,39.1419
dicho,1000,15,39.9773
dicho,1000,15,41.0252
dicho,1100,15,48.5172
dicho,1100,15,42.6516
dicho,1100,15,47.017
dicho,1100,15,46.3078
dicho,1100,15,48.2608
dicho,1200,15,51.1518
dicho,1200,15,48.0491
dicho,1200,15,50.534
dicho,1200,15,50.2622
dicho,1200,15,50.1832
dicho,1300,15,58.4272
dicho,1300,15,56.5603
dicho,1300,15,56.3773
dicho,1300,15,72.4229
dicho,1300,15,60.0774
dicho,1400,15,65.787
dicho,1400,15,67.4594
dicho,1400,15,65.4567
dicho,1400,15,66.146
dicho,1400,15,67.1145
dicho,1500,17,77.6982
dicho,1500,17,80.6148
dicho,1500,17,84.111
dicho,1500,17,80.8241
dicho,1500,17,79.1963
dicho,1600,17,76.481
dicho,1600,17,78.3059
dicho,1600,17,83.244
dicho,1600,17,79.0066
dicho,1600,17,98.3829
dicho,1700,18,93.8948
dicho,1700,18,102.5724
dicho,1700,18,96.0228
dicho,1700,18,97.5634
dicho,1700,18,97.174
dicho,1800,18,108.8685
dicho,1800,18,108.048
dicho,1800,18,106.6843
dicho,1800,18,103.6699
dicho,1800,18,106.1525
dicho,1900,22,140.7739
dicho,1900,22,140.4918
dicho,1900,22,143.1365
dicho,1900,22,139.2902
dicho,1900,22,135.8501
dicho,2000,23,177.2803
dicho,2000,23,195.7549
dicho,2000,23,171.4836
dicho,2000,23,184.7776
dicho,2000,23,190.2023
dicho,2100,23,166.4249
dicho,2100,23,168.212
dicho,2100,23,167.8645
dicho,2100,23,163.0714
dicho,2100,23,195.6489
dicho,2200,23,182.9223
dicho,2200,23,183.8434
dicho,2200,23,191.6143
dicho,2200,23,195.2008
dicho,2200,23,172.4747
dicho,2300,23,193.5421
dicho,2300,23,190.8545
dicho,2300,23,211.7786
dicho,2300,23,187.7283
dicho,2300,23,183.369
dicho,2400,23,204.9581
dicho,2400,23,201.7687
dicho,2400,23,225.6776
dicho,2400,23,261.6781
dicho,2400,23,227.2796
dicho,2500,23,262.1919
dicho,2500,23,290.1237
dicho,2500,23,259.6974
dicho,2500,23,256.8913
dicho,2500,23,259.76
dicho,2600,23,277.2837
dicho,2600,23,295.044
dicho,2600,23,293.8453
dicho,2600,23,261.4723
dicho,2600,23,279.4105
dicho,2700,23,274.3678
dicho,2700,23,264.9738
dicho,2700,23,289.9172
dicho,2700,23,278.0815
dicho,2700,23,272.0899
dicho,2800,23,289.8279
dicho,2800,23,289.3475
dicho,2800,23,287.9865
dicho,2800,23,321.7799
dicho,2800,23,286.8125
dicho,2900,23,315.4967
dicho,2900,23,306.2082
dicho,2900,23,305.4681
dicho,2900,23,306.4585
dicho,2900,23,302.4277
dicho,3000,23,367.1285
dicho,3000,23,336.3002
dicho,3000,23,323.7736
dicho,3000,23,337.4499
dicho,3000,23,323.1697
dicho,3100,23,290.2871
dicho,3100,23,297.4492
dicho,3100,23,295.9433
dicho,3100,23,319.4476
dicho,3100,23,327.306
dicho,3200,23,349.482
dicho,3200,23,327.6605
dicho,3200,23,351.7013
dicho,3200,23,325.6934
dicho,3200,23,318.6847
dicho,3300,23,349.3619
dicho,3300,23,347.5864
dicho,3300,23,346.2711
dicho,3300,23,343.8844
dicho,3300,23,342.285
dicho,3400,23,386.941
dicho,3400,23,374.1469
dicho,3400,23,374.7268
dicho,3400,23,404.1619
dicho,3400,23,376.7558
dicho,3500,23,432.9938
dicho,3500,23,422.4343
dicho,3500,23,427.1793
dicho,3500,23,422.7268
dicho,3500,23,420.8816
dicho,3600,23,420.8841
dicho,3600,23,420.2652
dicho,3600,23,416.3534
dicho,3600,23,421.4091
dicho,3600,23,412.3683
dicho,3700,23,480.8881
dicho,3700,23,466.7042
dicho,3700,23,460.0494
dicho,3700,23,445.9907
dicho,3700,23,450.9086
dicho,3800,23,486.3813
dicho,3800,23,501.8878
dicho,3800,23,518.6452
dicho,3800,23,478.2032
dicho,3800,23,485.6656
dicho,3900,23,512.1735
dicho,3900,23,507.093
dicho,3900,23,508.4864
dicho,3900,23,524.39
dicho,3900,23,502.8345
dicho,4000,23,578.5267
dicho,4000,23,588.6483
dicho,4000,23,571.4488
dicho,4000,23,569.0747
dicho,4000,23,561.3084
dicho,4100,23,522.8087
dicho,4100,23,526.5085
dicho,4100,23,527.6332
dicho,4100,23,531.9347
dicho,4100,23,543.2659
dicho,4200,23,545.515
dicho,4200,23,561.8514
dicho,4200,23,547.4779
dicho,4200,23,543.8386
dicho,4200,23,549.6038
dicho,4300,23,563.5262
dicho,4300,23,575.4642
dicho,4300,23,565.1381
dicho,4300,23,563.0599
dicho,4300,23,565.9117
dicho,4400,23,623.4867
dicho,4400,23,624.6435
dicho,4400,23,623.903
dicho,4400,23,621.623
dicho,4400,23,626.2983
dicho,4500,27,756.1151
dicho,4500,27,751.7302
dicho,4500,27,728.5054
dicho,4500,27,750.0899
dicho,4500,27,742.5058
dicho,4600,27,776.4643
dicho,4600,27,766.0676
dicho,4600,27,784.3272
dicho,4600,27,776.667
dicho,4600,27,776.4004
dicho,4700,27,829.4081
dicho,4700,27,819.8855
dicho,4700,27,837.5944
dicho,4700,27,809.6194
dicho,4700,27,807.7113
dicho,4800,27,831.9229
dicho,4800,27,858.5822
dicho,4800,27,836.4265
dicho,4800,27,854.7889
dicho,4800,27,848.3217
dicho,4900,27,979.7422
dicho,4900,27,976.1059
dicho,4900,27,969.5009
dicho,4900,27,968.3832
dicho,4900,27,924.3046
dicho,5000,27,1024.3294
dicho,5000,27,1047.9854
dicho,5000,27,1027.0203
dicho,5000,27,1005.9489
dicho,5000,27,1009.0731
dicho,5100,27,1029.2171
dicho,5100,27,1030.6624
dicho,5100,27,1057.2733
dicho,5100,27,1063.7031
dicho,5100,27,1040.38
dicho,5200,27,984.9394
dicho,5200,27,1004.0372
dicho,5200,27,1002.9439
dicho,5200,27,976.5628
dicho,5200,27,993.0949
dicho,5300,27,1033.8184
dicho,5300,27,1022.3858
dicho,5300,27,1050.4801
dicho,5300,27,1015.5395
dicho,5300,27,1025.9038
dicho,5400,27,1058.194
dicho,5400,27,1054.0808
dicho,5400,27,1061.89
dicho,5400,27,1070.2454
dicho,5400,27,1104.1551
dicho,5500,44,1216.9961
dicho,5500,44,1230.499
dicho,5500,44,1201.8357
dicho,5500,44,1206.8822
dicho,5500,44,1205.1502
dicho,5600,44,1261.0866
dicho,5600,44,1262.444
dicho,5600,44,1257.9732
dicho,5600,44,1250.3631
dicho,5600,44,1264.1357
dicho,5700,44,1299.279
dicho,5700,44,1315.059
dicho,5700,44,1310.1284
dicho,5700,44,1298.4992
dicho,5700,44,1304.879
dicho,5800,44,1361.8582
dicho,5800,44,1360.2936
dicho,5800,44,1367.3968
dicho,5800,44,1353.7528
dicho,5800,44,1364.9235
dicho,5900,44,1408.9588
dicho,5900,44,1415.2498
dicho,5900,44,1443.3677
dicho,5900,44,1404.2043
dicho,5900,44,1400.5015
dicho,6000,44,1438.4579
dicho,6000,44,1432.6485
dicho,6000,44,1433.4479
dicho,6000,44,1447.0482
dicho,6000,44,1444.818
dicho,6100,44,1371.546
dicho,6100,44,1376.1814
dicho,6100,44,1369.0118
dicho,6100,44,1359.9211
dicho,6100,44,1342.6048
dicho,6200,44,1902.3316
dicho,6200,44,1862.1784
dicho,6200,44,1670.8138
dicho,6200,44,1713.3017
dicho,6200,44,1570.32
dicho,6300,44,1625.4234
dicho,6300,44,1626.1341
dicho,6300,44,1621.8631
dicho,6300,44,1613.4637
dicho,6300,44,1603.323
dicho,6400,44,1677.9675
dicho,6400,44,1691.9895
dicho,6400,44,1683.8538
dicho,6400,44,1674.7587
dicho,6400,44,1681.4482
dicho,6500,44,1757.1422
dicho,6500,44,1718.399
dicho,6500,44,1725.8078
dicho,6500,44,1734.3374
dicho,6500,44,1723.5188
dicho,6600,44,1636.9724
dicho,6600,44,1642.1292
dicho,6600,44,1611.9089
dicho,6600,44,1658.0669
dicho,6600,44,1643.0097
dicho,6700,44,1797.5963
dicho,6700,44,1910.5196
dicho,6700,44,1868.9131
dicho,6700,44,1885.4465
dicho,6700,44,2086.9651
dicho,6800,44,2065.3242
dicho,6800,44,1895.416
dicho,6800,44,1906.1656
dicho,6800,44,1858.241
dicho,6800,44,1853.0304
dicho,6900,44,1911.9397
dicho,6900,44,1895.6859
dicho,6900,44,1894.8894
dicho,6900,44,1897.4503
dicho,6900,44,1912.4079
dicho,7000,44,1955.8053
dicho,7000,44,1954.2263
dicho,7000,44,1935.8225
dicho,7000,44,1947.0452
dicho,7000,44,1945.7626
dicho,7100,44,2062.8529
dicho,7100,44,2037.3812
dicho,7100,44,2038.5425
dicho,7100,44,2045.8125
dicho,7100,44,2109.1833
dicho,7200,44,2090.8881
dicho,7200,44,2085.1672
dicho,7200,44,2060.0034
dicho,7200,44,2065.4595
dicho,7200,44,2086.3714
dicho,7300,44,2147.1246
dicho,7300,44,2093.1606
dicho,7300,44,2124.1132
dicho,7300,44,2128.1272
dicho,7300,44,2128.7971
dicho,7400,44,2169.4909
dicho,7400,44,2177.369
dicho,7400,44,2178.0805
dicho,7400,44,2155.4439
dicho,7400,44,2171.9805
dicho,7500,44,2262.1035
dicho,7500,44,2269.9546
dicho,7500,44,2283.2518
dicho,7500,44,2266.5006
dicho,7500,44,2291.63
dicho,7600,44,2190.248
dicho,7600,44,2185.5215
dicho,7600,44,2176.3191
dicho,7600,44,2196.2464
dicho,7600,44,2183.2055
dicho,7700,44,2259.1668
dicho,7700,44,2268.4547
dicho,7700,44,2252.7718
dicho,7700,44,2275.8497
dicho,7700,44,2271.2756
dicho,7800,44,2324.9908
dicho,7800,44,2315.7355
dicho,7800,44,2302.8778
dicho,7800,44,2296.5784
dicho,7800,44,2306.7172
dicho,7900,44,2367.1978
dicho,7900,44,2368.8546
dicho,7900,44,2375.8758
dicho,7900,44,2346.9236
dicho,7900,44,2355.7194
dicho,8000,44,2523.0683
dicho,8000,44,2476.2628
dicho,8000,44,2470.935
dicho,8000,44,2487.7573
dicho,8000,44,2478.2402
dicho,8100,44,2542.4012
dicho,8100,44,2536.7366
dicho,8100,44,2540.5663
dicho,8100,44,2585.5903
dicho,8100,44,2553.4326
dicho,8200,44,2704.5206
dicho,8200,44,2724.7101
dicho,8200,44,2656.858
dicho,8200,44,2680.1463
dicho,8200,44,2675.478
dicho,8300,44,2740.5591
dicho,8300,44,2738.2435
dicho,8300,44,2721.6306
dicho,8300,44,2715.0436
dicho,8300,44,2741.0366
dicho,8400,44,2799.4259
dicho,8400,44,2794.2463
dicho,8400,44,2813.3339
dicho,8400,44,2793.8897
dicho,8400,44,2806.7008
dicho,8500,44,2802.4025
dicho,8500,44,2801.2811
dicho,8500,44,3895.6195
dicho,8500,44,4000.8655
dicho,8500,44,3851.0992
dicho,8600,44,3776.7486
dicho,8600,44,3441.5053
dicho,8600,44,3355.4216
dicho,8600,44,4273.6064
dicho,8600,44,3374.9832
dicho,8700,44,3605.5759
dicho,8700,44,3465.1842
dicho,8700,44,3654.2504
dicho,8700,44,3905.4561
dicho,8700,44,4138.8219
dicho,8800,44,3591.4631
dicho,8800,44,3905.7131
dicho,8800,44,4169.6698
dicho,8800,44,4277.3162
dicho,8800,44,3547.2093
dicho,8900,44,4035.7264
dicho,8900,44,3663.928
dicho,8900,44,3933.1952
dicho,8900,44,4058.3894
dicho,8900,44,4161.1216
dicho,9000,44,4265.5531
dicho,9000,44,4070.9628
dicho,9000,44,4036.5226
dicho,9000,44,4091.6743
dicho,9000,44,4180.7085
dicho,9100,44,4472.2764
dicho,9100,44,4276.61
dicho,9100,44,4278.4825
dicho,9100,44,4287.1622
dicho,9100,44,4290.1085
dicho,9200,44,4894.0937
dicho,9200,44,4097.2984
dicho,9200,44,3849.1541
dicho,9200,44,3648.6493
dicho,9200,44,3506.1695
dicho,9300,44,3511.0757
dicho,9300,44,3619.3154
dicho,9300,44,3705.1838
dicho,9300,44,3677.1568
dicho,9300,44,3795.2532
dicho,9400,44,3498.9375
dicho,9400,44,3468.0217
dicho,9400,44,3492.5535
dicho,9400,44,3541.1207
dicho,9400,44,3522.5685
dicho,9500,44,3746.323
dicho,9500,44,3731.5898
dicho,9500,44,3668.1956
dicho,9500,44,3721.9659
dicho,9500,44,3665.9604
dicho,9600,44,3746.3321
dicho,9600,44,3754.3492
dicho,9600,44,3780.5781
dicho,9600,44,3765.2772
dicho,9600,44,3737.995
dicho,9700,44,3830.7869
dicho,9700,44,3830.7275
dicho,9700,44,3798.9378
dicho,9700,44,3845.7447
dicho,9700,44,3807.7685
dicho,9800,44,3696.6956
dicho,9800,44,3692.3839
dicho,9800,44,3684.6836
dicho,9800,44,3701.836
dicho,9800,44,3701.8747
dicho,9900,44,3754.3432
dicho,9900,44,3725.7615
dicho,9900,44,3738.84
dicho,9900,44,3723.8919
dicho,9900,44,3752.5406
dicho,10000,44,3852.0984
dicho,10000,44,3819.5164
dicho,10000,44,3821.9373
dicho,10000,44,3811.9591
dicho,10000,44,3811.2585
hash,0,0,0.0016
hash,0,0,0.0017
hash,0,0,0.0017
hash,0,0,0.0017
hash,0,0,0.0017
hash,100,6,0.1407
hash,100,6,0.1401
hash,100,6,0.1406
hash,100,6,0.1864
hash,100,6,0.1901
hash,200,7,0.279
hash,200,7,0.2694
hash,200,7,0.3808
hash,200,7,0.2703
hash,200,7,0.2707
hash,300,7,0.3725
hash,300,7,0.3723
hash,300,7,0.3761
hash,300,7,0.3739
hash,300,7,0.3725
hash,400,7,0.77
hash,400,7,0.7658
hash,400,7,0.6847
hash,400,7,0.7051
hash,400,7,1.1567
hash,500,8,0.5718
hash,500,8,1.0429
hash,500,8,0.7178
hash,500,8,0.761
hash,500,8,0.5637
hash,600,10,0.7024
hash,600,10,0.7942
hash,600,10,0.6621
hash,600,10,0.7045
hash,600,10,0.7156
hash,700,10,1.0112
hash,700,10,0.8074
hash,700,10,0.7702
hash,700,10,0.7686
hash,700,10,1.5938
hash,800,10,0.9089
hash,800,10,0.9114
hash,800,10,0.9083
hash,800,10,0.9094
hash,800,10,0.9204
hash,900,10,1.0467
hash,900,10,1.0434
hash,900,10,1.0636
hash,900,10,1.0603
hash,900,10,1.0425
hash,1000,15,1.2488
hash,1000,15,1.2086
hash,1000,15,1.1796
hash,1000,15,1.6179
hash,1000,15,1.4603
hash,1100,15,1.2943
hash,1100,15,1.9907
hash,1100,15,1.3358
hash,1100,15,1.3226
hash,1100,15,1.326
hash,1200,15,1.3338
hash,1200,15,2.1313
hash,1200,15,2.2615
hash,1200,15,2.1709
hash,1200,15,1.3316
hash,1300,15,1.5337
hash,1300,15,3.004
hash,1300,15,2.9546
hash,1300,15,2.9633
hash,1300,15,2.9547
hash,1400,15,1.5844
hash,1400,15,1.586
hash,1400,15,1.5849
hash,1400,15,1.5886
hash,1400,15,1.5854
hash,1500,17,2.1758
hash,1500,17,2.1751
hash,1500,17,2.1776
hash,1500,17,5.1629
hash,1500,17,5.1755
hash,1600,17,1.9244
hash,1600,17,1.9262
hash,1600,17,5.5238
hash,1600,17,2.037
hash,1600,17,1.8974
hash,1700,18,1.9727
hash,1700,18,2.0737
hash,1700,18,2.0703
hash,1700,18,2.8086
hash,1700,18,2.7592
hash,1800,18,2.2285
hash,1800,18,3.6075
hash,1800,18,6.0328
hash,1800,18,5.9422
hash,1800,18,5.9805
hash,1900,22,2.1963
hash,1900,22,2.38
hash,1900,22,3.2225
hash,1900,22,4.8169
hash,1900,22,2.3795
hash,2000,23,7.5846
hash,2000,23,7.798
hash,2000,23,2.4481
hash,2000,23,7.6042
hash,2000,23,7.588
hash,2100,23,2.5766
hash,2100,23,4.1536
hash,2100,23,2.5748
hash,2100,23,2.4787
hash,2100,23,2.579
hash,2200,23,2.7472
hash,2200,23,3.6699
hash,2200,23,5.5228
hash,2200,23,5.5
hash,2200,23,5.5493
hash,2300,23,2.6407
hash,2300,23,4.1738
hash,2300,23,4.8941
hash,2300,23,4.8997
hash,2300,23,4.9615
hash,2400,23,7.9123
hash,2400,23,8.5281
hash,2400,23,8.7804
hash,2400,23,8.9004
hash,2400,23,3.0921
hash,2500,23,3.363
hash,2500,23,3.3659
hash,2500,23,3.7088
hash,2500,23,3.8447
hash,2500,23,3.3571
hash,2600,23,3.1946
hash,2600,23,3.144
hash,2600,23,3.4231
hash,2600,23,3.5428
hash,2600,23,3.545
hash,2700,23,8.4076
hash,2700,23,12.2328
hash,2700,23,6.311
hash,2700,23,6.3407
hash,2700,23,6.3245
hash,2800,23,3.1498
hash,2800,23,3.5379
hash,2800,23,3.541
hash,2800,23,4.1172
hash,2800,23,4.0447
hash,2900,23,3.728
hash,2900,23,8.8459
hash,2900,23,8.8358
hash,2900,23,8.8376
hash,2900,23,6.3073
hash,3000,23,8.3906
hash,3000,23,3.7101
hash,3000,23,3.8984
hash,3000,23,3.8378
hash,3000,23,3.8439
hash,3100,23,8.1015
hash,3100,23,8.735
hash,3100,23,9.6286
hash,3100,23,8.8211
hash,3100,23,8.7691
hash,3200,23,9.2622
hash,3200,23,9.3995
hash,3200,23,9.2562
hash,3200,23,9.4944
hash,3200,23,9.4443
hash,3300,23,3.994
hash,3300,23,6.6162
hash,3300,23,4.1878
hash,3300,23,4.8123
hash,3300,23,4.7596
hash,3400,23,3.9692
hash,3400,23,4.3104
hash,3400,23,4.5226
hash,3400,23,4.9217
hash,3400,23,4.8998
hash,3500,23,4.1923
hash,3500,23,6.128
hash,3500,23,9.5085
hash,3500,23,9.5055
hash,3500,23,9.5621
hash,3600,23,4.252
hash,3600,23,4.624
hash,3600,23,6.1104
hash,3600,23,7.216
hash,3600,23,7.3716
hash,3700,23,4.3657
hash,3700,23,4.7485
hash,3700,23,4.9422
hash,3700,23,7.8981
hash,3700,23,8.0048
hash,3800,23,4.799
hash,3800,23,4.574
hash,3800,23,4.6499
hash,3800,23,5.1866
hash,3800,23,5.1718
hash,3900,23,4.5466
hash,3900,23,4.7344
hash,3900,23,5.2292
hash,3900,23,5.3916
hash,3900,23,5.3412
hash,4000,23,4.7607
hash,4000,23,7.4629
hash,4000,23,7.4488
hash,4000,23,8.9445
hash,4000,23,9.1091
hash,4100,23,4.6511
hash,4100,23,8.1793
hash,4100,23,8.277
hash,4100,23,8.2243
hash,4100,23,8.2526
hash,4200,23,11.6262
hash,4200,23,11.3802
hash,4200,23,11.6884
hash,4200,23,11.3947
hash,4200,23,11.1614
hash,4300,23,5.3023
hash,4300,23,5.0691
hash,4300,23,13.492
hash,4300,23,5.6903
hash,4300,23,5.3048
hash,4400,23,13.4116
hash,4400,23,9.9372
hash,4400,23,9.6537
hash,4400,23,9.6158
hash,4400,23,9.6115
hash,4500,27,5.8917
hash,4500,27,10.9228
hash,4500,27,15.2725
hash,4500,27,15.3584
hash,4500,27,13.9162
hash,4600,27,6.2858
hash,4600,27,6.2868
hash,4600,27,6.3275
hash,4600,27,6.5533
hash,4600,27,6.5488
hash,4700,27,6.2442
hash,4700,27,6.4984
hash,4700,27,7.6289
hash,4700,27,8.1006
hash,4700,27,7.8875
hash,4800,27,6.0648
hash,4800,27,6.5549
hash,4800,27,6.9757
hash,4800,27,6.85
hash,4800,27,6.5623
hash,4900,27,6.8749
hash,4900,27,7.1215
hash,4900,27,6.8623
hash,4900,27,7.1889
hash,4900,27,7.4109
hash,5000,27,15.8537
hash,5000,27,15.8413
hash,5000,27,15.6257
hash,5000,27,11.6544
hash,5000,27,11.5604
hash,5100,27,7.0307
hash,5100,27,15.9377
hash,5100,27,7.816
hash,5100,27,7.5503
hash,5100,27,7.8711
hash,5200,27,7.0625
hash,5200,27,7.9793
hash,5200,27,8.0603
hash,5200,27,8.094
hash,5200,27,8.006
hash,5300,27,6.693
hash,5300,27,8.2693
hash,5300,27,8.6595
hash,5300,27,8.5895
hash,5300,27,8.6533
hash,5400,27,7.0195
hash,5400,27,7.1492
hash,5400,27,6.7773
hash,5400,27,7.4664
hash,5400,27,7.4004
hash,5500,44,16.1224
hash,5500,44,16.1005
hash,5500,44,16.2429
hash,5500,44,16.4138
hash,5500,44,16.2757
hash,5600,44,17.9788
hash,5600,44,19.0456
hash,5600,44,18.1289
hash,5600,44,18.7993
hash,5600,44,18.325
hash,5700,44,7.6897
hash,5700,44,7.6996
hash,5700,44,7.7485
hash,5700,44,8.6901
hash,5700,44,10.5166
hash,5800,44,8.2016
hash,5800,44,9.2279
hash,5800,44,11.898
hash,5800,44,17.7764
hash,5800,44,17.7673
hash,5900,44,8.3264
hash,5900,44,8.7154
hash,5900,44,8.3849
hash,5900,44,8.9722
hash,5900,44,8.6969
hash,6000,44,20.3847
hash,6000,44,15.2519
hash,6000,44,15.2456
hash,6000,44,10.7669
hash,6000,44,8.503
hash,6100,44,7.6729
hash,6100,44,8.2827
hash,6100,44,8.2885
hash,6100,44,8.7577
hash,6100,44,8.6199
hash,6200,44,8.9556
hash,6200,44,9.2626
hash,6200,44,8.5762
hash,6200,44,9.725
hash,6200,44,9.6308
hash,6300,44,8.8339
hash,6300,44,9.1789
hash,6300,44,19.7129
hash,6300,44,9.5701
hash,6300,44,9.0562
hash,6400,44,8.5999
hash,6400,44,8.9361
hash,6400,44,8.9282
hash,6400,44,8.9129
hash,6400,44,9.4251
hash,6500,44,8.6357
hash,6500,44,11.5855
hash,6500,44,11.5827
hash,6500,44,16.587
hash,6500,44,9.1137
hash,6600,44,8.1517
hash,6600,44,8.4453
hash,6600,44,8.467
hash,6600,44,8.4561
hash,6600,44,8.4126
hash,6700,44,9.5833
hash,6700,44,10.1972
hash,6700,44,10.0487
hash,6700,44,12.3399
hash,6700,44,9.9727
hash,6800,44,9.0585
hash,6800,44,10.6065
hash,6800,44,10.6114
hash,6800,44,11.2595
hash,6800,44,12.1423
hash,6900,44,9.2162
hash,6900,44,12.0803
hash,6900,44,14.4552
hash,6900,44,14.3515
hash,6900,44,14.3826
hash,7000,44,9.4575
hash,7000,44,9.6274
hash,7000,44,9.8136
hash,7000,44,9.6735
hash,7000,44,10.1625
hash,7100,44,10.8122
hash,7100,44,9.8649
hash,7100,44,11.6203
hash,7100,44,10.5946
hash,7100,44,10.5456
hash,7200,44,9.635
hash,7200,44,14.2408
hash,7200,44,14.2421
hash,7200,44,14.242
hash,7200,44,14.2039
hash,7300,44,9.7998
hash,7300,44,15.5461
hash,7300,44,10.2581
hash,7300,44,10.6535
hash,7300,44,10.5523
hash,7400,44,9.9402
hash,7400,44,13.1798
hash,7400,44,13.2952
hash,7400,44,13.2951
hash,7400,44,13.2518
hash,7500,44,10.3317
hash,7500,44,10.3515
hash,7500,44,22.2659
hash,7500,44,22.0975
hash,7500,44,11.0864
hash,7600,44,9.5409
hash,7600,44,11.1923
hash,7600,44,11.2497
hash,7600,44,11.1774
hash,7600,44,11.1555
hash,7700,44,10.2162
hash,7700,44,10.5856
hash,7700,44,10.7399
hash,7700,44,11.9414
hash,7700,44,11.9192
hash,7800,44,10.3644
hash,7800,44,10.8399
hash,7800,44,10.7963
hash,7800,44,10.7799
hash,7800,44,11.1663
hash,7900,44,10.5686
hash,7900,44,10.9615
hash,7900,44,10.9076
hash,7900,44,10.9201
hash,7900,44,11.3419
hash,8000,44,10.8066
hash,8000,44,16.0311
hash,8000,44,19.0031
hash,8000,44,19.056
hash,8000,44,11.3308
hash,8100,44,10.9337
hash,8100,44,12.8259
hash,8100,44,12.8788
hash,8100,44,12.7823
hash,8100,44,12.7653
hash,8200,44,11.462
hash,8200,44,11.6805
hash,8200,44,29.4536
hash,8200,44,20.383
hash,8200,44,16.8826
hash,8300,44,11.5046
hash,8300,44,11.9013
hash,8300,44,11.9192
hash,8300,44,11.8919
hash,8300,44,11.8873
hash,8400,44,11.6292
hash,8400,44,12.7354
hash,8400,44,13.6129
hash,8400,44,13.6219
hash,8400,44,13.5526
hash,8500,44,11.9473
hash,8500,44,17.0935
hash,8500,44,17.2345
hash,8500,44,17.2448
hash,8500,44,17.567
hash,8600,44,27.8601
hash,8600,44,14.1295
hash,8600,44,12.7128
hash,8600,44,12.6911
hash,8600,44,12.7415
hash,8700,44,27.7269
hash,8700,44,32.1956
hash,8700,44,18.3219
hash,8700,44,18.6283
hash,8700,44,33.8765
hash,8800,44,12.661
hash,8800,44,12.7401
hash,8800,44,12.8214
hash,8800,44,12.8974
hash,8800,44,13.7533
hash,8900,44,12.7503
hash,8900,44,15.3852
hash,8900,44,14.4777
hash,8900,44,14.1343
hash,8900,44,34.8046
hash,9000,44,12.6004
hash,9000,44,13.0297
hash,9000,44,13.0391
hash,9000,44,13.4863
hash,9000,44,14.5098
hash,9100,44,33.1497
hash,9100,44,39.1877
hash,9100,44,40.5575
hash,9100,44,14.8859
hash,9100,44,17.1872
hash,9200,44,13.0603
hash,9200,44,14.7872
hash,9200,44,17.4559
hash,9200,44,17.49
hash,9200,44,17.4256
hash,9300,44,14.3551
hash,9300,44,15.5856
hash,9300,44,15.4614
hash,9300,44,15.5586
hash,9300,44,14.8463
hash,9400,44,13.897
hash,9400,44,14.4464
hash,9400,44,14.475
hash,9400,44,14.6352
hash,9400,44,14.4955
hash,9500,44,14.432
hash,9500,44,14.9612
hash,9500,44,15.128
hash,9500,44,17.1884
hash,9500,44,16.3284
hash,9600,44,14.3038
hash,9600,44,18.2024
hash,9600,44,18.2168
hash,9600,44,18.213
hash,9600,44,31.8913
hash,9700,44,15.0551
hash,9700,44,17.7063
hash,9700,44,22.6549
hash,9700,44,22.6635
hash,9700,44,22.7009
hash,9800,44,13.7662
hash,9800,44,14.2848
hash,9800,44,14.2771
hash,9800,44,14.3136
hash,9800,44,14.2489
hash,9900,44,32.3016
hash,9900,44,14.4506
hash,9900,44,14.5035
hash,9900,44,14.4102
hash,9900,44,14.4561
hash,10000,44,14.1357
hash,10000,44,18.0043
hash,10000,44,17.9789
hash,10000,44,18.02
hash,10000,44,18.1408
dp,0,0,0.0075
dp,0,0,0.0079
dp,0,0,0.0075
dp,0,0,0.0075
dp,0,0,0.0079
dp,100,6,0.0463
dp,100,6,0.0466
dp,100,6,0.047
dp,100,6,0.0467
dp,100,6,0.0484
dp,200,7,0.66
dp,200,7,0.6573
dp,200,7,0.6994
dp,200,7,0.6651
dp,200,7,0.6556
dp,300,7,1.3823
dp,300,7,1.4028
dp,300,7,1.393
dp,300,7,1.4222
dp,300,7,1.7772
dp,400,7,7.853
dp,400,7,7.3492
dp,400,7,8.1665
dp,400,7,3.8721
dp,400,7,4.5001
dp,500,8,4.9943
dp,500,8,4.4636
dp,500,8,4.6022
dp,500,8,5.2605
dp,500,8,5.7008
dp,600,10,6.1774
dp,600,10,6.9173
dp,600,10,6.0953
dp,600,10,6.9608
dp,600,10,6.1385
dp,700,10,19.9577
dp,700,10,20.0538
dp,700,10,20.2687
dp,700,10,13.9249
dp,700,10,13.9389
dp,800,10,10.2096
dp,800,10,10.1617
dp,800,10,10.0935
dp,800,10,10.2319
dp,800,10,10.2283
dp,900,10,12.8317
dp,900,10,12.9417
dp,900,10,12.6419
dp,900,10,12.7196
dp,900,10,12.7261
dp,1000,15,15.283
dp,1000,15,15.3065
dp,1000,15,15.5505
dp,1000,15,14.5812
dp,1000,15,15.7722
dp,1100,15,26.122
dp,1100,15,26.3004
dp,1100,15,26.5588
dp,1100,15,19.6247
dp,1100,15,19.8898
dp,1200,15,23.8919
dp,1200,15,23.1758
dp,1200,15,23.2737
dp,1200,15,23.5389
dp,1200,15,23.7003
dp,1300,15,30.9626
dp,1300,15,26.6379
dp,1300,15,27.7998
dp,1300,15,27.2933
dp,1300,15,27.6627
dp,1400,15,32.4887
dp,1400,15,33.0587
dp,1400,15,30.3452
dp,1400,15,33.1348
dp,1400,15,32.2985
dp,1500,17,44.356
dp,1500,17,35.5048
dp,1500,17,37.7113
dp,1500,17,41.2193
dp,1500,17,38.3466
dp,1600,17,43.9604
dp,1600,17,43.5591
dp,1600,17,44.0263
dp,1600,17,40.728
dp,1600,17,42.3639
dp,1700,18,61.5751
dp,1700,18,49.2203
dp,1700,18,49.7126
dp,1700,18,49.5897
dp,1700,18,50.1941
dp,1800,18,87.7617
dp,1800,18,61.7307
dp,1800,18,55.2014
dp,1800,18,52.8729
dp,1800,18,62.3613
dp,1900,22,58.8322
dp,1900,22,60.9777
dp,1900,22,59.5624
dp,1900,22,55.4618
dp,1900,22,55.8987
dp,2000,23,101.1956
dp,2000,23,67.0392
dp,2000,23,68.31
dp,2000,23,66.6129
dp,2000,23,67.8642
dp,2100,23,71.679
dp,2100,23,68.4055
dp,2100,23,75.1134
dp,2100,23,73.9257
dp,2100,23,81.9206
dp,2200,23,98.1912
dp,2200,23,76.969
dp,2200,23,83.3863
dp,2200,23,80.3713
dp,2200,23,77.7681
dp,2300,23,104.2689
dp,2300,23,83.7696
dp,2300,23,81.9928
dp,2300,23,83.6418
dp,2300,23,88.1853
dp,2400,23,126.5988
dp,2400,23,131.9716
dp,2400,23,126.4085
dp,2400,23,127.2053
dp,2400,23,94.9296
dp,2500,23,102.6634
dp,2500,23,104.4611
dp,2500,23,104.4101
dp,2500,23,98.3932
dp,2500,23,98.2371
dp,2600,23,110.8072
dp,2600,23,104.716
dp,2600,23,133.4524
dp,2600,23,106.7276
dp,2600,23,105.673
dp,2700,23,131.9097
dp,2700,23,117.9538
dp,2700,23,113.8062
dp,2700,23,113.6293
dp,2700,23,113.6418
dp,2800,23,140.6326
dp,2800,23,126.9402
dp,2800,23,124.4071
dp,2800,23,125.342
dp,2800,23,123.3424
dp,2900,23,163.9796
dp,2900,23,202.0877
dp,2900,23,135.6314
dp,2900,23,130.8491
dp,2900,23,129.4054
dp,3000,23,159.1714
dp,3000,23,143.4723
dp,3000,23,140.6687
dp,3000,23,139.5726
dp,3000,23,139.158
dp,3100,23,174.8788
dp,3100,23,153.8467
dp,3100,23,148.7439
dp,3100,23,163.959
dp,3100,23,172.102
dp,3200,23,175.1459
dp,3200,23,165.1094
dp,3200,23,174.5115
dp,3200,23,181.1173
dp,3200,23,160.5715
dp,3300,23,186.2807
dp,3300,23,177.2643
dp,3300,23,173.2676
dp,3300,23,173.3773
dp,3300,23,178.0822
dp,3400,23,191.3204
dp,3400,23,183.787
dp,3400,23,181.6973
dp,3400,23,179.7704
dp,3400,23,189.2886
dp,3500,23,221.29
dp,3500,23,194.8285
dp,3500,23,231.3732
dp,3500,23,217.24
dp,3500,23,192.136
dp,3600,23,205.7282
dp,3600,23,250.4454
dp,3600,23,239.8606
dp,3600,23,223.6412
dp,3600,23,248.6575
dp,3700,23,243.9292
dp,3700,23,215.9669
dp,3700,23,222.4303
dp,3700,23,214.84
dp,3700,23,219.024
dp,3800,23,234.4494
dp,3800,23,230.7056
dp,3800,23,228.3525
dp,3800,23,250.3613
dp,3800,23,223.5352
dp,3900,23,236.3811
dp,3900,23,240.2215
dp,3900,23,243.3804
dp,3900,23,237.6594
dp,3900,23,243.1654
dp,4000,23,270.6089
dp,4000,23,249.3962
dp,4000,23,248.2731
dp,4000,23,249.0874
dp,4000,23,251.3491
dp,4100,23,277.7572
dp,4100,23,267.3302
dp,4100,23,270.5957
dp,4100,23,269.0876
dp,4100,23,263.2039
dp,4200,23,278.1896
dp,4200,23,275.7593
dp,4200,23,269.9848
dp,4200,23,270.047
dp,4200,23,268.6067
dp,4300,23,276.9898
dp,4300,23,279.0488
dp,4300,23,280.6197
dp,4300,23,280.8124
dp,4300,23,280.8759
dp,4400,23,305.1286
dp,4400,23,302.0191
dp,4400,23,294.2803
dp,4400,23,298.7163
dp,4400,23,300.4507
dp,4500,27,323.9845
dp,4500,27,316.5462
dp,4500,27,310.3914
dp,4500,27,310.5431
dp,4500,27,313.1291
dp,4600,27,323.4603
dp,4600,27,334.7371
dp,4600,27,325.5412
dp,4600,27,325.0014
dp,4600,27,326.7856
dp,4700,27,348.2393
dp,4700,27,341.9952
dp,4700,27,340.4856
dp,4700,27,343.8561
dp,4700,27,352.6032
dp,4800,27,347.807
dp,4800,27,361.0705
dp,4800,27,359.2054
dp,4800,27,352.1346
dp,4800,27,356.316
dp,4900,27,381.2963
dp,4900,27,371.7208
dp,4900,27,371.4667
dp,4900,27,367.8088
dp,4900,27,362.3
dp,5000,27,405.0222
dp,5000,27,378.6199
dp,5000,27,376.4731
dp,5000,27,378.2496
dp,5000,27,379.8434
dp,5100,27,404.9494
dp,5100,27,396.0093
dp,5100,27,395.8177
dp,5100,27,402.2943
dp,5100,27,404.5207
dp,5200,27,426.1754
dp,5200,27,421.5067
dp,5200,27,413.0747
dp,5200,27,414.7725
dp,5200,27,406.6486
dp,5300,27,446.9708
dp,5300,27,434.9475
dp,5300,27,444.0565
dp,5300,27,443.8871
dp,5300,27,432.2396
dp,5400,27,443.2209
dp,5400,27,440.2838
dp,5400,27,440.0294
dp,5400,27,440.1115
dp,5400,27,437.5738
dp,5500,44,460.8922
dp,5500,44,467.2937
dp,5500,44,458.4373
dp,5500,44,461.9078
dp,5500,44,459.5495
dp,5600,44,492.0583
dp,5600,44,469.9115
dp,5600,44,472.2656
dp,5600,44,468.8856
dp,5600,44,470.5614
dp,5700,44,522.2893
dp,5700,44,491.0788
dp,5700,44,491.5331
dp,5700,44,496.2646
dp,5700,44,487.7142
dp,5800,44,561.9233
dp,5800,44,506.0325
dp,5800,44,506.8037
dp,5800,44,516.8996
dp,5800,44,503.5146
dp,5900,44,528.0727
dp,5900,44,525.1385
dp,5900,44,527.0776
dp,5900,44,525.1913
dp,5900,44,522.3011
dp,6000,44,551.6056
dp,6000,44,594.7931
dp,6000,44,563.0042
dp,6000,44,553.526
dp,6000,44,542.9192
dp,6100,44,576.9233
dp,6100,44,569.0504
dp,6100,44,558.173
dp,6100,44,565.4307
dp,6100,44,720.899
dp,6200,44,593.336
dp,6200,44,587.8478
dp,6200,44,574.8235
dp,6200,44,584.8229
dp,6200,44,573.8548
dp,6300,44,601.5488
dp,6300,44,648.0294
dp,6300,44,670.2525
dp,6300,44,589.6308
dp,6300,44,601.8161
dp,6400,44,617.8938
dp,6400,44,609.1614
dp,6400,44,630.289
dp,6400,44,614.2644
dp,6400,44,614.8285
dp,6500,44,628.5521
dp,6500,44,641.5505
dp,6500,44,628.9236
dp,6500,44,637.2332
dp,6500,44,636.1488
dp,6600,44,650.5316
dp,6600,44,651.5713
dp,6600,44,657.4391
dp,6600,44,662.6901
dp,6600,44,648.4782
dp,6700,44,758.4976
dp,6700,44,724.202
dp,6700,44,730.7787
dp,6700,44,735.5632
dp,6700,44,721.5412
dp,6800,44,679.9593
dp,6800,44,695.8113
dp,6800,44,690.4181
dp,6800,44,701.0815
dp,6800,44,687.7079
dp,6900,44,724.6453
dp,6900,44,716.2651
dp,6900,44,705.377
dp,6900,44,719.9591
dp,6900,44,718.7109
dp,7000,44,763.4111
dp,7000,44,745.5268
dp,7000,44,741.0608
dp,7000,44,742.7009
dp,7000,44,736.228
dp,7100,44,840.3243
dp,7100,44,795.6945
dp,7100,44,749.9376
dp,7100,44,756.3702
dp,7100,44,750.8258
dp,7200,44,791.4871
dp,7200,44,770.5954
dp,7200,44,784.8226
dp,7200,44,774.1869
dp,7200,44,775.7624
dp,7300,44,797.5642
dp,7300,44,791.8204
dp,7300,44,811.1464
dp,7300,44,793.4174
dp,7300,44,795.4515
dp,7400,44,837.4092
dp,7400,44,814.4533
dp,7400,44,828.5563
dp,7400,44,815.0206
dp,7400,44,815.976
dp,7500,44,846.6867
dp,7500,44,830.8465
dp,7500,44,841.4724
dp,7500,44,845.8069
dp,7500,44,855.0816
dp,7600,44,869.1232
dp,7600,44,871.0383
dp,7600,44,865.201
dp,7600,44,867.3261
dp,7600,44,877.6946
dp,7700,44,901.3903
dp,7700,44,898.5809
dp,7700,44,885.0934
dp,7700,44,884.8686
dp,7700,44,884.7511
dp,7800,44,910.87
dp,7800,44,918.0195
dp,7800,44,910.3797
dp,7800,44,903.6171
dp,7800,44,900.096
dp,7900,44,928.398
dp,7900,44,931.8901
dp,7900,44,926.988
dp,7900,44,935.2578
dp,7900,44,941.7352
dp,8000,44,939.2671
dp,8000,44,957.0963
dp,8000,44,943.7476
dp,8000,44,957.1564
dp,8000,44,956.0178
dp,8100,44,989.385
dp,8100,44,989.7983
dp,8100,44,988.2481
dp,8100,44,991.776
dp,8100,44,983.0371
dp,8200,44,1022.0292
dp,8200,44,1014.7639
dp,8200,44,1005.0614
dp,8200,44,1010.3099
dp,8200,44,1023.6242
dp,8300,44,1068.571
dp,8300,44,1058.3199
dp,8300,44,1041.0197
dp,8300,44,1035.1951
dp,8300,44,1031.9012
dp,8400,44,1070.0393
dp,8400,44,1052.6211
dp,8400,44,1060.1125
dp,8400,44,1046.5878
dp,8400,44,1057.4858
dp,8500,44,1580.937
dp,8500,44,1235.241
dp,8500,44,1342.761
dp,8500,44,1519.7136
dp,8500,44,1281.4822
dp,8600,44,1251.3112
dp,8600,44,1381.5804
dp,8600,44,1381.6128
dp,8600,44,1289.1229
dp,8600,44,1293.4691
dp,8700,44,1259.6377
dp,8700,44,1261.9215
dp,8700,44,1279.3065
dp,8700,44,1318.9234
dp,8700,44,1386.3258
dp,8800,44,1346.3882
dp,8800,44,1410.3353
dp,8800,44,1427.1468
dp,8800,44,1385.5506
dp,8800,44,1301.904
dp,8900,44,1609.6791
dp,8900,44,1300.1642
dp,8900,44,1447.6169
dp,8900,44,1490.7337
dp,8900,44,1584.3828
dp,9000,44,1638.4013
dp,9000,44,1312.7513
dp,9000,44,1503.9863
dp,9000,44,1610.5149
dp,9000,44,1659.5881
dp,9100,44,1487.2104
dp,9100,44,1340.7115
dp,9100,44,1639.0682
dp,9100,44,1367.7378
dp,9100,44,1623.1486
dp,9200,44,1307.2719
dp,9200,44,1338.0551
dp,9200,44,1339.885
dp,9200,44,1344.2251
dp,9200,44,1363.5689
dp,9300,44,1407.518
dp,9300,44,1369.363
dp,9300,44,1353.8399
dp,9300,44,1367.3104
dp,9300,44,1327.295
dp,9400,44,1357.5335
dp,9400,44,1353.5816
dp,9400,44,1352.483
dp,9400,44,1361.5889
dp,9400,44,1344.786
dp,9500,44,1371.3757
dp,9500,44,1378.8877
dp,9500,44,1365.0954
dp,9500,44,1375.3525
dp,9500,44,1369.853
dp,9600,44,1408.1205
dp,9600,44,1417.754
dp,9600,44,1413.1906
dp,9600,44,1395.0404
dp,9600,44,1396.3998
dp,9700,44,1429.9117
dp,9700,44,1437.5112
dp,9700,44,1439.1569
dp,9700,44,1425.834
dp,9700,44,1454.1359
dp,9800,44,1452.4641
dp,9800,44,1459.3835
dp,9800,44,1441.3009
dp,9800,44,1449.8181
dp,9800,44,1448.5755
dp,9900,44,1484.5091
dp,9900,44,1474.7047
dp,9900,44,1495.8261
dp,9900,44,1484.3004
dp,9900,44,1486.9323
dp,10000,44,1500.9314
dp,10000,44,1520.4128
dp,10000,44,1508.7057
dp,10000,44,1518.9063
dp,10000,44,1517.7665
